1	869993
8	232863
9	215577
13	211048
7	201193
10	193438
6	193050
5	191640
11	186724
12	178481
4	174474
3	160376
14	145958
15	134809
2	123110
16	122792
17	113188
18	104479
19	97760
20	91767
21	86038
22	80052
23	75382
24	70876
25	66873
26	62577
27	58612
28	54757
29	51875
30	49193
31	46219
32	44474
33	41568
34	39023
35	36503
36	33887
37	32495
38	30612
39	29248
40	27655
41	26173
42	25111
43	24037
44	22626
45	21350
46	20572
47	19603
48	18922
49	17985
50	17257
51	16724
52	15714
53	15089
54	14613
55	14010
56	13623
57	12718
58	12652
59	12156
60	11525
61	11151
62	10746
63	10431
64	10249
65	9784
66	9277
67	9066
68	8760
69	8368
70	8048
71	7760
72	7517
73	7350
74	7043
75	6866
76	6727
77	6510
78	6257
79	6204
80	5978
81	5847
82	5611
83	5455
84	5195
85	5135
86	4866
87	4856
88	4708
89	4635
90	4576
91	4462
92	4346
93	4125
94	4024
96	3939
95	3883
98	3756
97	3737
100	3657
99	3600
101	3550
102	3331
103	3238
104	3205
105	3069
106	2984
108	2911
107	2907
110	2900
111	2769
109	2765
112	2699
115	2564
113	2549
114	2538
116	2438
118	2385
117	2328
119	2210
120	2197
121	2143
122	2139
124	2131
123	2110
126	2031
128	2023
125	2011
130	1987
127	1986
129	1972
131	1927
132	1825
134	1725
133	1715
136	1703
135	1675
138	1669
137	1556
139	1513
141	1494
140	1483
143	1464
142	1378
146	1371
148	1337
144	1336
145	1322
147	1306
149	1294
151	1271
153	1248
150	1228
152	1203
155	1176
154	1174
159	1129
157	1128
156	1082
158	1056
162	1051
160	1051
161	1045
163	1034
164	1022
167	964
165	961
166	947
168	934
172	926
170	911
169	903
171	889
173	875
181	853
179	843
174	841
176	835
177	827
180	814
175	785
184	782
183	767
182	761
178	759
185	731
187	719
189	708
190	705
186	695
193	690
192	680
188	679
194	676
195	665
191	653
198	638
200	620
201	617
196	611
197	608
202	603
199	598
203	597
206	581
204	571
213	565
208	564
205	553
211	543
209	542
207	534
212	533
217	515
216	512
214	509
218	502
215	494
210	493
223	487
222	478
219	477
221	473
220	473
224	451
226	448
231	447
230	438
234	435
233	425
229	425
228	423
225	418
245	414
232	414
227	404
237	399
238	397
244	396
240	396
246	390
239	388
235	372
236	365
243	364
241	358
242	352
249	347
248	345
250	340
264	337
255	334
247	332
253	329
251	328
254	324
259	319
257	317
262	310
256	305
268	302
252	301
261	299
258	299
272	294
260	291
263	285
275	282
266	280
270	276
265	272
274	266
271	266
267	262
273	260
277	257
284	255
288	251
269	250
279	249
282	246
291	239
285	238
293	235
289	235
286	234
301	230
283	230
278	227
276	224
281	223
298	222
290	222
287	222
280	222
297	216
295	215
292	212
300	211
296	209
299	207
305	206
304	206
303	204
294	204
302	191
306	190
312	180
308	179
307	178
314	177
309	175
310	173
317	170
329	169
311	168
318	166
326	164
322	164
316	162
315	162
328	161
336	158
331	158
327	158
332	154
330	154
313	153
339	152
320	152
319	152
334	149
324	149
333	148
337	146
321	146
347	145
323	145
335	144
325	143
348	141
355	132
354	132
346	131
351	130
350	130
341	130
343	129
360	128
340	127
338	126
356	122
370	121
369	121
364	121
362	121
358	117
366	115
353	115
357	114
372	113
361	113
352	112
345	112
378	111
359	110
371	109
344	109
342	108
367	107
365	107
382	103
363	103
373	102
374	101
349	99
368	98
392	94
375	94
386	92
394	91
377	91
396	90
385	90
383	90
388	89
379	89
380	88
384	87
402	85
398	85
409	84
403	84
399	84
387	83
376	83
390	81
418	80
406	80
381	80
410	78
395	77
400	75
389	75
417	74
413	73
405	73
401	73
397	73
438	72
415	72
414	72
425	70
424	70
412	69
407	69
393	69
445	68
411	68
404	67
468	66
427	66
408	66
391	66
432	65
416	65
443	64
422	64
431	62
429	62
419	62
483	61
449	61
421	61
456	60
450	60
437	60
469	59
458	59
453	59
420	59
436	58
463	57
462	57
465	56
442	55
433	55
478	53
464	53
447	53
444	53
428	53
482	52
461	52
448	52
440	51
480	50
457	50
446	50
434	50
496	49
486	49
484	49
472	49
471	49
467	49
455	49
441	49
430	49
423	49
451	48
535	47
521	47
520	47
485	47
426	47
498	46
460	46
454	46
439	46
487	45
470	45
452	45
499	44
477	44
435	44
504	43
514	42
479	42
473	42
511	41
506	41
501	41
497	41
489	41
459	41
508	40
481	40
466	40
523	39
527	38
526	38
510	38
491	38
517	37
505	37
500	37
493	37
476	37
475	37
474	37
559	36
529	36
494	36
537	35
528	35
515	35
495	35
562	34
554	34
518	34
555	33
546	33
539	33
525	33
509	33
507	33
488	33
580	32
550	32
540	32
534	32
574	31
566	31
552	31
544	31
542	31
533	31
522	31
512	31
581	30
557	30
519	30
492	30
601	29
593	29
516	29
585	28
569	28
556	28
553	28
551	28
502	28
490	28
625	27
588	27
564	27
536	27
530	27
696	26
673	26
575	26
573	26
561	26
558	26
545	26
543	26
541	26
532	26
524	26
503	26
647	25
612	25
606	25
578	25
577	25
576	25
701	24
620	24
618	24
613	24
609	24
604	24
599	24
595	24
590	24
583	24
563	24
549	24
538	24
531	24
513	24
690	23
662	23
642	23
634	23
630	23
622	23
597	23
586	23
565	23
560	23
548	23
547	23
663	22
598	22
589	22
584	22
568	22
725	21
646	21
637	21
633	21
632	21
631	21
626	21
619	21
615	21
602	21
594	21
591	21
579	21
759	20
755	20
722	20
707	20
687	20
682	20
644	20
643	20
638	20
635	20
623	20
616	20
610	20
596	20
772	19
762	19
756	19
714	19
692	19
681	19
639	19
617	19
582	19
571	19
570	19
567	19
745	18
724	18
694	18
685	18
677	18
672	18
671	18
659	18
655	18
652	18
592	18
572	18
782	17
779	17
742	17
736	17
735	17
734	17
731	17
721	17
718	17
711	17
705	17
686	17
680	17
678	17
676	17
670	17
656	17
653	17
650	17
649	17
641	17
624	17
621	17
603	17
600	17
757	16
749	16
744	16
713	16
710	16
703	16
700	16
683	16
674	16
668	16
666	16
664	16
660	16
645	16
628	16
614	16
605	16
587	16
823	15
740	15
739	15
737	15
732	15
728	15
719	15
717	15
716	15
708	15
698	15
684	15
648	15
629	15
608	15
607	15
819	14
805	14
773	14
752	14
750	14
738	14
729	14
726	14
723	14
709	14
704	14
699	14
693	14
691	14
675	14
667	14
661	14
654	14
636	14
804	13
801	13
787	13
784	13
774	13
770	13
761	13
758	13
741	13
715	13
688	13
669	13
658	13
651	13
640	13
627	13
611	13
898	12
890	12
853	12
851	12
831	12
821	12
811	12
809	12
808	12
747	12
746	12
727	12
706	12
689	12
1031	12
920	11
845	11
841	11
829	11
812	11
800	11
794	11
792	11
778	11
776	11
754	11
730	11
695	11
679	11
665	11
926	10
912	10
879	10
869	10
868	10
863	10
847	10
842	10
837	10
826	10
816	10
785	10
783	10
781	10
769	10
766	10
760	10
751	10
743	10
733	10
720	10
702	10
1022	10
941	9
931	9
929	9
923	9
915	9
908	9
907	9
885	9
871	9
864	9
859	9
857	9
854	9
849	9
844	9
839	9
825	9
824	9
813	9
802	9
790	9
789	9
780	9
777	9
775	9
657	9
979	8
977	8
975	8
940	8
935	8
921	8
911	8
904	8
893	8
892	8
878	8
877	8
876	8
875	8
870	8
867	8
843	8
835	8
820	8
814	8
810	8
807	8
795	8
793	8
791	8
786	8
771	8
765	8
763	8
753	8
712	8
697	8
1224	8
1138	8
1101	8
1061	8
1002	8
987	7
985	7
976	7
965	7
962	7
960	7
957	7
951	7
949	7
945	7
937	7
932	7
930	7
916	7
906	7
897	7
895	7
891	7
889	7
886	7
860	7
856	7
846	7
838	7
828	7
827	7
822	7
818	7
817	7
799	7
798	7
788	7
768	7
767	7
1225	7
1157	7
1155	7
1132	7
1100	7
1084	7
1081	7
1068	7
1040	7
1029	7
1019	7
1005	7
1001	7
1000	7
995	6
988	6
986	6
974	6
971	6
970	6
968	6
967	6
959	6
956	6
947	6
944	6
927	6
918	6
917	6
905	6
902	6
900	6
888	6
887	6
874	6
866	6
865	6
861	6
850	6
832	6
815	6
797	6
796	6
748	6
1344	6
1246	6
1203	6
1149	6
1139	6
1120	6
1115	6
1089	6
1079	6
1069	6
1053	6
1052	6
1026	6
1016	6
998	5
984	5
966	5
963	5
953	5
952	5
943	5
939	5
936	5
933	5
922	5
914	5
913	5
909	5
903	5
896	5
894	5
883	5
882	5
880	5
873	5
858	5
840	5
836	5
830	5
806	5
803	5
1642	5
1367	5
1325	5
1318	5
1276	5
1268	5
1261	5
1257	5
1250	5
1221	5
1205	5
1201	5
1186	5
1183	5
1175	5
1162	5
1159	5
1140	5
1126	5
1110	5
1109	5
1103	5
1099	5
1088	5
1086	5
1078	5
1077	5
1076	5
1049	5
1042	5
1036	5
1032	5
1024	5
1023	5
1021	5
1017	5
1015	5
1011	5
1010	5
1006	5
1003	5
996	4
994	4
993	4
992	4
991	4
990	4
981	4
978	4
969	4
961	4
958	4
950	4
948	4
942	4
938	4
934	4
925	4
919	4
910	4
899	4
881	4
872	4
855	4
852	4
834	4
764	4
1629	4
1618	4
1574	4
1559	4
1555	4
1541	4
1515	4
1510	4
1497	4
1493	4
1460	4
1422	4
1351	4
1338	4
1330	4
1324	4
1323	4
1320	4
1295	4
1289	4
1286	4
1281	4
1280	4
1275	4
1271	4
1269	4
1260	4
1253	4
1252	4
1245	4
1242	4
1241	4
1238	4
1226	4
1215	4
1214	4
1209	4
1206	4
1176	4
1173	4
1165	4
1154	4
1151	4
1146	4
1143	4
1142	4
1136	4
1131	4
1127	4
1123	4
1122	4
1113	4
1102	4
1098	4
1096	4
1087	4
1085	4
1075	4
1071	4
1070	4
1067	4
1066	4
1065	4
1057	4
1055	4
1048	4
1043	4
1039	4
1037	4
1034	4
1033	4
1028	4
1014	4
1009	4
1004	4
999	3
989	3
983	3
973	3
955	3
946	3
928	3
901	3
848	3
833	3
2079	3
2030	3
2020	3
2004	3
1997	3
1841	3
1812	3
1798	3
1758	3
1713	3
1707	3
1678	3
1657	3
1644	3
1641	3
1615	3
1588	3
1566	3
1554	3
1547	3
1532	3
1530	3
1526	3
1525	3
1503	3
1502	3
1501	3
1488	3
1478	3
1473	3
1467	3
1457	3
1450	3
1419	3
1418	3
1416	3
1413	3
1409	3
1406	3
1402	3
1401	3
1399	3
1393	3
1386	3
1381	3
1377	3
1375	3
1365	3
1362	3
1354	3
1346	3
1341	3
1340	3
1335	3
1332	3
1331	3
1328	3
1326	3
1321	3
1315	3
1313	3
1310	3
1303	3
1300	3
1294	3
1291	3
1287	3
1283	3
1278	3
1277	3
1270	3
1267	3
1265	3
1259	3
1255	3
1248	3
1235	3
1231	3
1230	3
1227	3
1223	3
1220	3
1218	3
1210	3
1198	3
1195	3
1191	3
1188	3
1187	3
1184	3
1181	3
1180	3
1170	3
1169	3
1167	3
1166	3
1160	3
1152	3
1150	3
1144	3
1141	3
1135	3
1134	3
1133	3
1130	3
1125	3
1124	3
1119	3
1118	3
1116	3
1114	3
1108	3
1107	3
1106	3
1095	3
1093	3
1083	3
1082	3
1080	3
1074	3
1073	3
1063	3
1058	3
1054	3
1050	3
1041	3
1035	3
1027	3
1013	3
1012	3
1008	3
1007	3
980	2
972	2
954	2
862	2
3165	2
3115	2
2934	2
2860	2
2711	2
2693	2
2645	2
2333	2
2285	2
2257	2
2255	2
2228	2
2214	2
2183	2
2140	2
2136	2
2118	2
2108	2
2083	2
2067	2
2061	2
2028	2
1996	2
1990	2
1986	2
1979	2
1977	2
1967	2
1957	2
1949	2
1939	2
1928	2
1919	2
1917	2
1909	2
1908	2
1906	2
1895	2
1879	2
1860	2
1856	2
1853	2
1844	2
1828	2
1823	2
1809	2
1796	2
1794	2
1782	2
1780	2
1767	2
1763	2
1753	2
1752	2
1747	2
1745	2
1741	2
1736	2
1721	2
1715	2
1711	2
1698	2
1697	2
1692	2
1688	2
1685	2
1682	2
1677	2
1675	2
1673	2
1667	2
1665	2
1663	2
1655	2
1640	2
1634	2
1628	2
1625	2
1619	2
1616	2
1614	2
1609	2
1608	2
1607	2
1601	2
1595	2
1593	2
1592	2
1586	2
1582	2
1581	2
1580	2
1572	2
1571	2
1553	2
1551	2
1542	2
1535	2
1534	2
1529	2
1527	2
1524	2
1513	2
1507	2
1499	2
1496	2
1495	2
1492	2
1487	2
1486	2
1475	2
1474	2
1472	2
1471	2
1470	2
1469	2
1459	2
1458	2
1455	2
1447	2
1446	2
1443	2
1439	2
1435	2
1430	2
1426	2
1421	2
1415	2
1412	2
1410	2
1407	2
1396	2
1394	2
1388	2
1385	2
1384	2
1383	2
1380	2
1376	2
1372	2
1371	2
1370	2
1364	2
1363	2
1357	2
1350	2
1345	2
1343	2
1337	2
1336	2
1334	2
1322	2
1319	2
1317	2
1308	2
1299	2
1298	2
1285	2
1272	2
1266	2
1264	2
1263	2
1262	2
1251	2
1247	2
1243	2
1236	2
1234	2
1233	2
1232	2
1217	2
1216	2
1213	2
1211	2
1208	2
1207	2
1202	2
1200	2
1199	2
1196	2
1193	2
1190	2
1185	2
1182	2
1179	2
1177	2
1174	2
1172	2
1171	2
1164	2
1161	2
1158	2
1148	2
1147	2
1145	2
1137	2
1128	2
1117	2
1112	2
1111	2
1104	2
1097	2
1094	2
1092	2
1072	2
1064	2
1060	2
1059	2
1051	2
1045	2
1038	2
1030	2
1020	2
1018	2
997	1
982	1
964	1
884	1
7132	1
5877	1
5875	1
5855	1
5839	1
5692	1
5598	1
5597	1
5573	1
5530	1
5518	1
5418	1
5399	1
5348	1
5344	1
5197	1
5164	1
5054	1
4817	1
4706	1
4700	1
4681	1
4606	1
4590	1
4558	1
4537	1
4468	1
4465	1
4416	1
4356	1
4342	1
4311	1
4283	1
4210	1
4195	1
4172	1
4165	1
4161	1
4123	1
4108	1
4093	1
4073	1
4065	1
4059	1
4058	1
4007	1
3997	1
3995	1
3981	1
3930	1
3851	1
3835	1
3789	1
3736	1
3734	1
3690	1
3644	1
3625	1
3608	1
3596	1
3589	1
3581	1
3575	1
3574	1
3566	1
3522	1
3506	1
3487	1
3478	1
3448	1
3426	1
3408	1
3402	1
3391	1
3379	1
3374	1
3371	1
3342	1
3334	1
3319	1
3289	1
3281	1
3280	1
3278	1
3259	1
3242	1
3237	1
3219	1
3206	1
3198	1
3196	1
3178	1
3166	1
3160	1
3127	1
3089	1
3076	1
3074	1
3068	1
3049	1
3044	1
3030	1
3027	1
3018	1
3015	1
2999	1
2997	1
2995	1
2992	1
2984	1
2971	1
2961	1
2960	1
2954	1
2933	1
2932	1
2907	1
2901	1
2897	1
2887	1
2856	1
2855	1
2835	1
2818	1
2805	1
2804	1
2798	1
2790	1
2788	1
2784	1
2776	1
2762	1
2755	1
2746	1
2739	1
2732	1
2728	1
2725	1
2717	1
2707	1
2700	1
2699	1
2694	1
2688	1
2681	1
2679	1
2665	1
2653	1
2639	1
2637	1
2629	1
2617	1
2607	1
2605	1
2604	1
2603	1
2597	1
2595	1
2590	1
2587	1
2584	1
2574	1
2572	1
2571	1
2562	1
2553	1
2552	1
2549	1
2548	1
2544	1
2536	1
2530	1
2528	1
2512	1
2505	1
2501	1
2500	1
2495	1
2494	1
2479	1
2478	1
2476	1
2475	1
2471	1
2464	1
2463	1
2458	1
2456	1
2452	1
2448	1
2444	1
2441	1
2437	1
2430	1
2427	1
2411	1
2407	1
2406	1
2400	1
2398	1
2397	1
2395	1
2390	1
2384	1
2383	1
2376	1
2374	1
2373	1
2372	1
2370	1
2363	1
2356	1
2346	1
2340	1
2338	1
2330	1
2328	1
2317	1
2316	1
2314	1
2313	1
2305	1
2292	1
2287	1
2286	1
2273	1
2269	1
2267	1
2264	1
2262	1
2260	1
2259	1
2252	1
2249	1
2246	1
2244	1
2241	1
2235	1
2233	1
2225	1
2221	1
2219	1
2217	1
2215	1
2213	1
2209	1
2206	1
2201	1
2197	1
2193	1
2191	1
2187	1
2180	1
2179	1
2174	1
2173	1
2167	1
2165	1
2162	1
2158	1
2156	1
2155	1
2153	1
2151	1
2149	1
2148	1
2139	1
2132	1
2131	1
2127	1
2126	1
2116	1
2114	1
2107	1
2103	1
2100	1
2098	1
2091	1
2089	1
2087	1
2086	1
2082	1
2081	1
2076	1
2072	1
2070	1
2063	1
2059	1
2054	1
2053	1
2046	1
2044	1
2042	1
2041	1
2033	1
2029	1
2024	1
2023	1
2019	1
2018	1
2014	1
2011	1
2008	1
2007	1
2000	1
1995	1
1994	1
1988	1
1987	1
1983	1
1982	1
1981	1
1978	1
1975	1
1974	1
1973	1
1966	1
1963	1
1960	1
1953	1
1951	1
1941	1
1937	1
1936	1
1933	1
1932	1
1931	1
1930	1
1929	1
1926	1
1920	1
1918	1
1916	1
1912	1
1904	1
1900	1
1898	1
1897	1
1892	1
1891	1
1890	1
1881	1
1880	1
1878	1
1874	1
1873	1
1869	1
1868	1
1864	1
1863	1
1861	1
1858	1
1857	1
1854	1
1847	1
1846	1
1845	1
1843	1
1839	1
1838	1
1835	1
1833	1
1832	1
1831	1
1830	1
1829	1
1827	1
1825	1
1818	1
1817	1
1816	1
1815	1
1814	1
1813	1
1811	1
1801	1
1800	1
1787	1
1785	1
1778	1
1773	1
1771	1
1768	1
1766	1
1765	1
1764	1
1761	1
1760	1
1759	1
1756	1
1751	1
1750	1
1749	1
1748	1
1746	1
1744	1
1737	1
1730	1
1729	1
1728	1
1727	1
1724	1
1722	1
1718	1
1709	1
1708	1
1706	1
1705	1
1704	1
1701	1
1700	1
1699	1
1696	1
1693	1
1687	1
1684	1
1680	1
1676	1
1671	1
1670	1
1666	1
1662	1
1660	1
1658	1
1656	1
1653	1
1651	1
1649	1
1647	1
1645	1
1643	1
1639	1
1637	1
1636	1
1635	1
1633	1
1632	1
1630	1
1627	1
1624	1
1621	1
1620	1
1617	1
1613	1
1612	1
1610	1
1605	1
1603	1
1602	1
1600	1
1599	1
1598	1
1597	1
1596	1
1594	1
1589	1
1585	1
1584	1
1577	1
1576	1
1573	1
1569	1
1567	1
1564	1
1563	1
1561	1
1560	1
1552	1
1549	1
1548	1
1546	1
1544	1
1543	1
1539	1
1537	1
1533	1
1531	1
1528	1
1523	1
1522	1
1521	1
1520	1
1519	1
1518	1
1509	1
1505	1
1504	1
1498	1
1494	1
1482	1
1480	1
1479	1
1466	1
1464	1
1462	1
1461	1
1456	1
1454	1
1453	1
1452	1
1449	1
1445	1
1442	1
1441	1
1437	1
1436	1
1434	1
1433	1
1432	1
1427	1
1423	1
1408	1
1400	1
1398	1
1397	1
1392	1
1391	1
1382	1
1379	1
1369	1
1366	1
1361	1
1359	1
1356	1
1355	1
1353	1
1349	1
1348	1
1347	1
1342	1
1339	1
1333	1
1329	1
1327	1
1311	1
1309	1
1307	1
1306	1
1305	1
1304	1
1302	1
1301	1
1293	1
1290	1
1282	1
1274	1
1273	1
1249	1
1240	1
1237	1
1229	1
1228	1
1222	1
1219	1
1212	1
1204	1
1192	1
1129	1
1121	1
1105	1
1091	1
1090	1
1062	1
1056	1
1047	1
1044	1
1025	1
